tensor_dense2bias0 1
0.315624118
tensor_dense2kernel0 9
0.2622343 0.523157656 0.154884905 0.359280288 0.282621324 -0.206820041 -0.455807686 0.105788015 -0.545610368
tensor_dense1bias0 9
-0.073813729 0.298702776 0.30490008 -0.104305863 0.208504081 -0.450029194 0 0.240007952 -0.316700667
tensor_dense1kernel0 90
-0.545616031 0.162029698 0.551570237 -0.735118032 0.308199584 0.110184096 -0.23711881 0.493556827 0.144313261 0.0904461965 -0.620434761 0.0189439841 0.245946944 -0.217967272 0.451607972 -0.521086454 -0.0901238769 0.24089241 -0.0883073583 0.0616564713 -0.192720309 -0.196158782 0.293272257 0.446903825 0.451320112 0.164806187 -0.0948530361 -0.0747858882 0.477678835 -0.142177597 -0.0457152352 -0.491216213 -0.187796444 -0.237159282 0.0398050062 0.524839699 -0.151498586 0.504374325 -0.319310248 0.0275455713 0.132715583 -0.285165012 0.0939772129 -0.304433286 -0.0549249649 -0.0239058323 0.404772878 0.00816464704 -0.121430472 0.291225791 0.220125154 -0.0283659101 0.250865608 -0.107719891 -0.255918324 -0.122563742 0.141125366 0.178368986 0.0658328235 -0.390509963 -0.0280259848 -0.199509531 -0.384225994 -0.354947478 0.533327043 -0.18339105 0.270123184 -0.41875574 -0.612921357 -0.100342989 -0.398485899 -0.400216728 0.0693717003 0.44409889 0.343617916 0.411632419 0.195093036 0.344436407 -0.122991472 0.277017295 -0.106744677 -0.077389203 0.446829826 0.376406789 -0.378356189 0.30565998 -0.146117076 0.281742752 0.340531856 -0.437412828
tensor_densebias0 10
0.0993964449 -0.409162492 -0.0333873741 -0.376352966 0 0.241512105 -0.010096496 0.339450836 0 0.364415199
tensor_densekernel0 50
-0.145851895 0.0320413262 0.688010752 -0.141681552 0.607958376 0.180308267 0.427466601 0.609971046 0.194387257 -0.114263356 0.0299621522 -0.470023245 -0.49420321 0.0342331156 0.128828228 -0.185989544 0.145233601 0.0273873564 -0.175612509 -0.343548775 -0.029737452 0.308146328 0.11946477 0.0900823995 -0.134270787 0.12955229 -0.0592467487 0.0786853209 -0.0668177009 0.172561005 0.00817407854 1.44411218 -1.85674655 -0.408554792 0.16755873 -1.3977226 0.180721626 1.15252066 -0.546721637 -0.973494112 1.92395973 -2.56983423 0.921892405 -1.21575677 -0.198409259 2.25222492 -0.442370415 0.772730887 -0.186917931 1.88470793
